[-0.18643759191036224      0.051926396787166595
  0.009663382545113564    -0.012255700305104256
 -0.1000535786151886      -0.02190534770488739
 -0.025936322286725044    -0.13485053181648254
  0.1342991292476654      -0.04410887137055397
  0.28137847781181335     -0.04764270782470703
 -0.28327620029449463     -0.05937844514846802
  0.04653321951627731      0.1412893533706665
 -0.048345066606998444    -0.1248517632484436
 -0.11178000271320343     -0.12040518969297409
 -0.000004392117261886597 -0.027021028101444244
  0.05594181641936302      0.10000444203615189
 -0.19634851813316345     -0.24819879233837128
 -0.08344514667987823     -0.096308633685112
 -0.03484773635864258     -0.07503531873226166
  0.026662006974220276     0.028468240052461624
 -0.13483360409736633     -0.033650219440460205
  0.05088996887207031      0.10892127454280853
 -0.06585962325334549     -0.024158168584108353
  0.26083460450172424     -0.04269179701805115
 -0.17131589353084564      0.031867604702711105
  0.09428063035011292      0.21502135694026947
  0.12783077359199524      0.056746020913124084
  0.059154920279979706    -0.12401649355888367
  0.08492542803287506     -0.2586633861064911
  0.16189733147621155      0.14587830007076263
  0.11600865423679352      0.04390144348144531
  0.019254185259342194    -0.1804482638835907
 -0.06875912845134735      0.22510695457458496
 -0.221501886844635        0.07760616391897202
  0.0449652224779129      -0.02086408995091915
 -0.15550380945205688     -0.10832417011260986
  0.2445288896560669       0.26026448607444763
 -0.19960932433605194     -0.1481412947177887
  0.1533525586128235      -0.14741498231887817
 -0.12701569497585297      0.08541198074817657
 -0.1516292542219162      -0.2373514622449875
 -0.3366273045539856       0.12491089105606079
  0.3911183476448059       0.06109444797039032
 -0.1820441484451294       0.021412920206785202
 -0.023061003535985947    -0.008944554254412651
 -0.05689581483602524      0.08670525997877121
 -0.10308651626110077     -0.0682956874370575
  0.0008569089695811272   -0.0036115385591983795
  0.18388645350933075     -0.009548554196953773
 -0.03524919971823692      0.21433287858963013
  0.05736176297068596      0.039226025342941284
  0.015453077852725983     0.09796950221061707
 -0.043144650757312775    -0.080852210521698
 -0.12747499346733093     -0.02459493651986122
  0.004910940304398537    -0.04619995132088661
  0.03558582067489624      0.03173898905515671
 -0.231836199760437        0.20574043691158295
  0.013831201940774918    -0.05803732946515083
 -0.010304032824933529     0.04969681799411774
 -0.08130545914173126     -0.027285702526569366
  0.16111049056053162     -0.3247595429420471
  0.22845828533172607      0.16660524904727936
  0.11019747704267502      0.1671139895915985
  0.11366534978151321      0.08745962381362915
  0.07720914483070374      0.07344470918178558
 -0.14772666990756989     -0.05673833563923836
  0.09023700654506683     -0.054250653833150864
  0.042570702731609344     0.10352436453104019    ]