0.0021262415684759617
0.18151706457138062
0.08942952752113342
-0.02890676259994507
-0.13226941227912903
0.0405392162501812
-0.03351211175322533
-0.07746177911758423
0.0541248619556427
-0.0569068118929863
0.2418312281370163
-0.054028045386075974
-0.2574356198310852
-0.05157364159822464
0.0613831989467144
0.12605765461921692
-0.14946278929710388
-0.0655280351638794
-0.20102564990520477
-0.06235639378428459
-0.011033795773983002
-0.041001684963703156
0.02593715861439705
-0.07272570580244064
-0.20662078261375427
-0.23533882200717926
-0.04712092503905296
-0.10228271037340164
-0.027894876897335052
-0.16243912279605865
0.07824215292930603
-0.03084396757185459
-0.1444171667098999
-0.051642440259456635
-0.0471012108027935
-0.029858363792300224
-0.017228256911039352
-0.05847340449690819
0.13154451549053192
0.026263326406478882
-0.17892293632030487
0.13025912642478943
0.00733512919396162
0.2158721685409546
0.2947481870651245
-0.005235875025391579
0.04717015475034714
-0.08853559195995331
0.13626249134540558
-0.24181871116161346
0.054373253136873245
0.03498965501785278
0.1680707037448883
0.05769798532128334
0.1424441784620285
-0.07317239046096802
0.023922260850667953
0.1897290199995041
-0.20062507688999176
0.037376731634140015
0.05043882131576538
-0.054821498692035675
0.034114934504032135
-0.04349241033196449
0.1230146735906601
0.11024217307567596
-0.009777064435184002
-0.0903620719909668
0.1936912089586258
-0.09519791603088379
-0.11277231574058533
0.030787598341703415
-0.0661623626947403
-0.12772177159786224
-0.33526259660720825
0.0010787509381771088
0.27036458253860474
0.13602162897586823
-0.2961110472679138
-0.07562296837568283
-0.04549199342727661
0.005180605221539736
0.033694371581077576
0.008341876789927483
-0.03430062159895897
-0.13692574203014374
-0.05488765239715576
-0.014375517144799232
0.24373626708984375
-0.10935870558023453
0.007043696008622646
0.22373420000076294
0.048021718859672546
-0.1484416127204895
0.05571187660098076
-0.03593137860298157
-0.11785192787647247
-0.01510649174451828
-0.11769232153892517
-0.05191773176193237
-0.022625843062996864
-0.15878251194953918
-0.03008006140589714
0.06657020002603531
-0.26241180300712585
0.16402596235275269
-0.014173589646816254
-0.07986995577812195
-0.056317288428545
-0.04092158377170563
0.012447156943380833
0.06576459109783173
0.22907103598117828
-0.24998785555362701
0.2010732889175415
0.22818170487880707
-0.05759401619434357
0.07731682807207108
0.012065356597304344
0.0627090334892273
-0.03904251754283905
0.035729728639125824
-0.08620855212211609
-0.1328544169664383
-0.004300309345126152
-0.02123464271426201
0.009612753055989742
0.0667775571346283
