-0.19251230359077454
0.1301228106021881
0.009358051232993603
-0.08929184079170227
-0.1900646835565567
-0.003988680895417929
-0.051948994398117065
-0.10253208130598068
0.12815427780151367
-0.053171489387750626
0.28086820244789124
-0.028523802757263184
-0.27790567278862
-0.11000767350196838
0.01682509109377861
0.13976460695266724
-0.17929063737392426
-0.13465045392513275
-0.04632222652435303
0.010887790471315384
0.06970829516649246
0.044988907873630524
0.019615456461906433
0.051351748406887054
-0.0003372207283973694
-0.44767794013023376
-0.04270075261592865
-0.1182340607047081
0.022436022758483887
-0.10032884776592255
0.0075385309755802155
0.056160818785429
-0.11211712658405304
-0.09289553761482239
0.036202337592840195
0.032729268074035645
-0.059104450047016144
-0.017774410545825958
0.22039823234081268
-0.06027250736951828
-0.23013418912887573
-0.016668647527694702
0.1374208629131317
0.26828068494796753
0.24101625382900238
0.1294873207807541
0.017492476850748062
-0.09593790769577026
0.13303831219673157
-0.23398233950138092
0.028386041522026062
0.17160898447036743
0.11383575946092606
-0.006373669020831585
0.096576027572155
-0.12666445970535278
0.005391176789999008
0.07779349386692047
-0.2383083701133728
0.014608734287321568
0.09983456134796143
-0.0843588262796402
-0.01845770888030529
-0.10193436592817307
0.26475486159324646
0.0694211795926094
-0.08760275691747665
-0.1473308503627777
0.15849056839942932
-0.17372426390647888
-0.16903838515281677
0.07450684159994125
-0.16831369698047638
-0.17259007692337036
-0.278850793838501
-0.047216497361660004
0.34454482793807983
0.13283796608448029
-0.12994590401649475
0.019913041964173317
-0.03918525204062462
-0.07117200642824173
0.05774169787764549
0.06778626888990402
-0.020912619307637215
-0.1406279057264328
-0.12218502163887024
-0.04406226798892021
0.22056488692760468
-0.023102261126041412
0.013126318342983723
0.215582475066185
0.05329444259405136
0.020222896710038185
0.011756306514143944
0.0650685727596283
-0.09460176527500153
0.005169331561774015
-0.1628713458776474
-0.05748719722032547
-0.03372892737388611
-0.031993426382541656
0.03141285106539726
0.12314555794000626
-0.21203140914440155
0.12787358462810516
-0.041763126850128174
0.04309222847223282
-0.030519522726535797
-0.061521973460912704
-0.019467927515506744
-0.012245970778167248
0.1118219718337059
-0.19878287613391876
0.2143101841211319
0.16445153951644897
0.08492232114076614
0.11407137662172318
0.04102308675646782
0.005021601915359497
-0.01704414002597332
-0.06198745593428612
-0.24124771356582642
-0.1000586748123169
0.053367987275123596
-0.04565015807747841
0.06970801949501038
0.04924701899290085
