-0.18494483828544617
0.05053829401731491
0.01107324380427599
-0.012547879479825497
-0.10272190719842911
-0.020050667226314545
-0.02428589202463627
-0.13120920956134796
0.1335374414920807
-0.044080447405576706
0.2850310206413269
-0.04960088059306145
-0.2858818471431732
-0.05620076134800911
0.04954972490668297
0.14299508929252625
-0.04617582634091377
-0.12245450168848038
-0.11673073470592499
-0.1236179918050766
-0.0030973462853580713
-0.027351370081305504
0.05640516057610512
0.09683606773614883
-0.19833648204803467
-0.2435121387243271
-0.08400292694568634
-0.09290152788162231
-0.031301043927669525
-0.07685865461826324
0.028958972543478012
0.031059397384524345
-0.1320529729127884
-0.03624618053436279
0.053810350596904755
0.11042674630880356
-0.0704641118645668
-0.02631651982665062
0.26427626609802246
-0.04180978238582611
-0.172475203871727
0.03307603672146797
0.09599434584379196
0.21933118999004364
0.12850865721702576
0.05936631187796593
0.05752718448638916
-0.1230514720082283
0.08414305001497269
-0.26354554295539856
0.16453222930431366
0.14625270664691925
0.11900711804628372
0.045680031180381775
0.022001203149557114
-0.18007981777191162
-0.06242270767688751
0.23083220422267914
-0.22555126249790192
0.07621166855096817
0.048195190727710724
-0.019764257594943047
-0.15123306214809418
-0.10612594336271286
0.24808523058891296
0.26167362928390503
-0.1999596357345581
-0.14864814281463623
0.15362365543842316
-0.14519332349300385
-0.12781837582588196
0.09142575412988663
-0.1528279334306717
-0.23767414689064026
-0.338931679725647
0.12440180033445358
0.3927442133426666
0.0617210753262043
-0.1819743514060974
0.018395565450191498
-0.020493607968091965
-0.009444430470466614
-0.053162794560194016
0.08689621835947037
-0.10409583896398544
-0.07557304203510284
0.0009869365021586418
-0.0068620070815086365
0.18529857695102692
-0.011042803525924683
-0.038222018629312515
0.2146986722946167
0.0634540319442749
0.034029051661491394
0.014482025988399982
0.09748584032058716
-0.04271109402179718
-0.08291803300380707
-0.1284407079219818
-0.027161242440342903
0.004624922759830952
-0.04505570977926254
0.034730881452560425
0.033876851201057434
-0.2345488965511322
0.209171861410141
0.013683345168828964
-0.058919284492731094
-0.01109943725168705
0.046169113367795944
-0.07952377200126648
-0.024487363174557686
0.1623484045267105
-0.33109843730926514
0.2253594994544983
0.16906780004501343
0.10948130488395691
0.16328005492687225
0.1147724837064743
0.08564204722642899
0.07937073707580566
0.07435253262519836
-0.14834991097450256
-0.05759422853589058
0.0894048884510994
-0.05685608834028244
0.04294664412736893
0.10487926751375198
