-0.21676428616046906
0.08268618583679199
0.0988697037100792
-0.06136026233434677
-0.1453108936548233
0.014669107273221016
-0.11262371391057968
-0.10422688722610474
0.10202039033174515
-0.07352060079574585
0.2627347409725189
-0.01445002295076847
-0.2605951130390167
-0.06400846689939499
0.0462610088288784
0.06144680827856064
-0.11562774330377579
-0.08611942827701569
-0.034092750400304794
-0.03576386347413063
0.06754990667104721
0.06144128739833832
0.051755569875240326
0.05222336947917938
-0.16106078028678894
-0.362239807844162
-0.14074330031871796
-0.04443780705332756
0.030112627893686295
-0.11022377759218216
0.05106984078884125
-0.048218075186014175
-0.1986631155014038
-0.05856547877192497
0.05567551404237747
0.13949064910411835
-0.10042746365070343
-0.09975963085889816
0.1426176130771637
-0.04579082503914833
-0.1214948445558548
-0.0841430276632309
0.037564318627119064
0.2517606019973755
0.10910984873771667
0.06931732594966888
0.03574839234352112
-0.027307618409395218
0.08734297752380371
-0.2776685059070587
0.1451069712638855
0.17088960111141205
0.06546150147914886
0.03728087246417999
0.12541301548480988
-0.09064403176307678
0.0017793579027056694
0.29844194650650024
-0.1864582747220993
0.1593235731124878
0.04687320441007614
-0.08183854818344116
-0.028674419969320297
-0.08981715142726898
0.25115787982940674
0.1351936310529709
-0.1771707981824875
-0.1473328024148941
0.17119255661964417
-0.07810881733894348
-0.08629032224416733
0.10791806876659393
-0.12424000352621078
-0.22378653287887573
-0.2623578906059265
0.08370658755302429
0.4181445837020874
0.10823362320661545
-0.1965373307466507
-0.03746531531214714
-0.0753398984670639
-0.06225823238492012
-0.06746877729892731
0.10077108442783356
-0.019426055252552032
-0.05242919921875
-0.10511954128742218
0.026270192116498947
0.2231443077325821
0.029244698584079742
0.010613556951284409
0.3145475387573242
0.023392457515001297
-0.02813880145549774
0.04506613686680794
0.06691376864910126
-0.13744980096817017
-0.11054857820272446
-0.09255187958478928
-0.09441465139389038
0.05132653936743736
-0.10294100642204285
-0.04173099249601364
0.15834327042102814
-0.19117504358291626
0.23678068816661835
-0.015770884230732918
-0.030721252784132957
0.015573072247207165
-0.0667584016919136
-0.08910410106182098
-0.043490972369909286
0.1644555628299713
-0.302651971578598
0.18106073141098022
0.15322861075401306
0.12388543039560318
0.1750391274690628
0.020333394408226013
0.06277905404567719
0.056483663618564606
-0.021576497703790665
-0.13392505049705505
-0.126053124666214
-0.003287769388407469
-0.07383856922388077
-0.013112734071910381
0.03506960719823837
